4294967278,309
4294967294,468
4294967279,535
4294967279,565
4294967278,348
4294967278,372
4294967279,305
4294967279,184
4294967278,371
4294967278,370
4294967294,393
4294967279,564
4294967279,182
4294967294,437
4294967279,181
4294967279,563
4294967294,388
4294967294,392
4294967294,389
4294967278,345
4294967294,904
4294967294,186
4294967279,562
4294967278,368
4294967279,533
4294967278,175
4294967278,343
4294967279,302
4294967279,173
4294967278,172
4294967278,307
4294967279,301
4294967278,367
4294967279,293
4294967278,384
4294967278,0
4294967279,292
4294967279,163
4294967278,162
4294967294,395
4294967294,409
4294967294,385
4294967294,398
4294967294,415
4294967294,384
4294967294,444
4294967294,466
4294967294,460
4294967294,116
4294967294,400
4294967294,109
4294967294,2
4294967279,162
4294967279,161
4294967278,160
4294967279,159
4294967278,158
4294967279,158
4294967279,157
4294967279,531
4294967294,5
4294967294,903
4294967294,0
4294967294,390
4294967294,81
4294967294,50
4294967278,153
4294967278,339
4294967279,529
4294967278,152
4294967279,151
4294967294,38
4294967294,37
4294967294,36
4294967294,39
4294967294,921
4294967278,151
4294967279,150
4294967278,150
4294967279,149
4294967278,148
4294967279,145
4294967279,147
4294967278,147
4294967279,146
4294967279,560
4294967278,146
4294967294,40
4294967294,22
4294967294,17
4294967294,99
4294967294,76
4294967294,41
4294967279,144
4294967278,144
4294967279,143
4294967278,143
4294967278,335
4294967279,142
4294967278,142
4294967279,141
4294967278,141
4294967279,140
4294967278,290
4294967279,139
4294967294,89
4294967294,960
4294967294,898
4294967294,910
4294967294,46
4294967278,138
0,5
4294967279,272
4294967278,288
4294967294,949
4294967278,136
4294967294,42
4294967278,132
4294967278,131
4294967278,130
4294967278,129
4294967278,128
4294967278,127
4294967278,126
4294967278,125
4294967278,124
4294967278,123
4294967278,122
4294967278,121
4294967278,120
4294967278,119
4294967278,118
4294967278,117
4294967278,116
4294967278,115
4294967278,114
4294967278,113
4294967278,112
4294967278,111
4294967278,110
4294967278,109
4294967278,108
4294967278,107
4294967278,106
4294967278,105
4294967278,104
4294967278,103
4294967278,102
4294967278,101
4294967278,100
4294967278,99
4294967278,98
4294967278,97
4294967278,96
4294967278,95
4294967278,94
4294967278,93
4294967278,92
4294967278,91
4294967278,90
4294967278,89
4294967278,87
4294967278,86
4294967278,85
4294967278,84
4294967278,83
4294967278,82
4294967278,81
4294967278,80
4294967278,79
4294967278,78
4294967278,77
4294967278,76
4294967278,75
4294967278,74
4294967278,73
4294967278,72
4294967278,71
4294967278,70
4294967278,69
4294967278,68
4294967278,67
4294967278,66
4294967278,65
4294967278,64
4294967278,63
4294967278,62
4294967278,61
4294967278,60
4294967278,59
4294967278,58
4294967278,57
4294967278,56
4294967278,55
4294967278,54
4294967278,53
4294967278,52
4294967278,51
4294967278,50
4294967278,49
4294967278,48
4294967278,47
4294967278,46
4294967278,45
4294967278,44
4294967278,43
4294967278,42
4294967278,41
4294967278,40
4294967278,39
4294967278,38
4294967279,18
4294967279,17
4294967279,9
4294967279,8
4294967279,6
4294967279,5
4294967279,283
4294967278,366
4294967279,557
4294967279,558
4294967278,331
4294967278,276
4294967278,332
4294967279,21
4294967279,269
4294967294,107
4294967278,330
4294967279,267
4294967278,274
4294967278,272
4294967279,556
4294967278,365
4294967279,4
4294967279,276
4294967278,282
4294967279,262
4294967278,266
4294967279,261
4294967278,265
4294967294,1416
4294967294,1
4294967279,314
4294967279,0
4294967279,10
4294967279,275
4294967279,259
4294967278,280
4294967279,258
4294967278,263
4294967278,285
4294967279,7
4294967278,261
4294967279,273
4294967279,554
4294967278,362
4294967279,517
4294967278,361
4294967279,553
4294967278,327
4294967279,515
4294967294,45
4294967294,427
4294967294,52
4294967294,424
4294967278,326
4294967278,324
4294967279,513
4294967278,322
4294967279,319
4294967294,92
4294967294,91
4294967294,88
4294967294,86
4294967294,85
4294967278,254
4294967279,552
4294967278,320
0,7
4294967294,67
4294967294,417
4294967294,82
4294967294,7
4294967294,6
4294967278,251
4294967294,96
4294967294,94
4294967294,93
4294967279,550
4294967294,95
4294967279,247
4294967278,247
4294967279,245
4294967294,9
4294967278,244
4294967294,8
4294967294,44
4294967294,43
4294967294,53
4294967294,51
4294967294,950
4294967294,413
4294967294,29
4294967294,28
4294967294,920
4294967294,27
4294967294,946
4294967294,26
4294967294,90
4294967294,87
4294967294,469
4294967294,25
4294967279,243
4294967279,241
4294967278,238
4294967279,237
4294967279,236
4294967278,236
4294967278,235
4294967279,235
4294967294,84
4294967294,970
4294967278,232
4294967279,231
4294967279,229
63,1
4294967279,228
4294967279,227
4294967278,226
4294967279,225
4294967278,224
62,4
4294967279,223
62,3
